vector 2 Y:service_delay(ms)|X:Time(msec) udp ETV
2  9392   10.62 6 
2  9392   20.62 5.995 
2  9392   30.62 5.99 
2  9392   40.62 5.985 
2  9392   50.62 5.98 
2  9392   60.62 5.975 
2  9392   70.62 5.97 
2  9392   80.62 5.965 
2  9392   90.62 5.96 
2  9392   100.62 5.955 
2  9392   110.62 5.95 
2  9392   120.62 5.945 
2  9392   130.62 5.94 
2  9392   140.62 5.935 
2  9392   150.62 5.93 
2  9392   160.62 5.925 
2  9392   170.62 5.92 
2  9392   180.62 5.915 
2  9392   190.62 5.91 
2  9392   200.62 5.905 
